=== V4 COST STACK (Portfolio Totals) ===
  Item: Portfolio Total (€)  % of Full EPC
  Linyang CIF Hardware: 85963925.47  0.8807802085187676
  Import Duty (2.66% CIF): 2286640.469999999  0.02342875408448995
  Port Landing + IMO (ECTL): 161895  0.001658764546622627
  Customs Clearance (Interfreight): 4335  4.441609876530523e-05
  Crane + Transport (A. Soulis): 604160  0.006190179983863162
  LV Cabling (scaled by config): 363300  0.003722345716594092
  MV Cabling (per MV feeder): 245000  0.002510252410034552
  MV Terminations (per MV feeder): 154000  0.00157787294345029
  Protection Engineering (tiered): 275000  0.002817630256161231
  Remote Trip / SCADA Comms: 153000  0.001567627015246067
  UPS & Auxiliary: 102000  0.001045084676830711
  LPS Lightning Protection: 120197.1699999999  0.001231531574170745
  SPD Surge Protection: 126596.35  0.001297097113016643
  Site Earthing Grid: 199191.0899999999  0.002040897607060854
  Installation Labor (StrikeRA): 81600  0.000836067741464569
  Civil Works (Kamil €2K/MWh): 1763560  0.01806930914383892
  Marine/Transit Insurance (0.75% CIF): 644729.4  0.006605851143551553
  Docs & Statutory Compliance (€7K/park): 357000  0.00365779636890749
  Voltus EMS (System+HW+Config): 2298609  0.02355138278358004
  SCADA Local: 1275000  0.01306355846038389
  SCADA Global (shared): 420008  0.004303371813199151
  TOTAL PHYSICAL ADDERS: 7642204.48  
    of which Logistics: 3057030.469999999  
    of which Electrical: 1292300  
    of which DEHN: 527584.6099999999  
    of which Civil: 1763560  
    of which Insurance+Docs: 1001729.4  
  TOTAL EMS/SCADA: 3993617  
  TOTAL CIF: 85963925.47  
  FULL EPC (INSTALLED): 97599746.95000005  
  CLIENT REVENUE: 109241186.7893678  
  NET MARGIN: 11641439.85  0.1065663985548446

=== V4 PARK TOTALS (row 55) ===
  Park Name: PORTFOLIO TOTAL
  MWh: 881.78
  CIF: 85963925.47
  Import Duty (2.66%): 2286640.469999999
  Port/Landing (ECTL): 161895
  Customs (Interfreight): 4335
  Crane+Transport (Soulis): 604160
  LV Cable: 363300
  MV Cable: 245000
  MV Terms: 154000
  Protect Eng: 275000
  Remote Trip: 153000
  UPS/Aux: 102000
  LPS (DEHN): 120197.1699999999
  SPD (DEHN): 126596.35
  Earthing: 199191.0899999999
  Install Labor: 81600
  Civil Works: 1763560
  Insurance (0.75%): 644729.4
  Docs/Compl: 357000
  PCC Bay: 0
  Physical Adders: 7642204.48
  Voltus EMS: 2298609
  SCADA Local: 1275000
  SCADA Global: 420008
  Total EMS/SCADA: 3993617
  Installed Cost: 97599746.95000005
  Client Revenue: 109241186.7893678
  Price/MWh: 123887.1223994282
  Margin EUR: 11641439.85
  Margin %: 0.1065663985548446

=== V2 TOTALS ROW ===


=== PER-PARK ADDER COMPARISON ===
Park                                   V4 CIF   V4 PhysAdder   V4 EMS/SCADA       V4 Total |         V2 CIF   V2 PhysAdder   V2 EMS/SCADA       V2 Total |   CIF Diff Adder Diff   EMS Diff
------------------------------------------------------------------------------------------------------------------------------------------------------------------------------------------------------------------
Greendorado Agrivoltaic            446,041.55      57,106.28      43,704.00     546,851.83 |     446,041.55      37,521.26      43,704.00     579,298.15 |        0.0 19585.019999999997          0
Greendorado Larnaca 1              564,552.77      66,547.51      43,704.00     674,804.28 |     564,552.77      42,921.26      43,704.00     706,953.31 |        0.0 23626.249999999993          0
Greendorado Larnaca 2              560,994.00      65,026.15      43,704.00     669,724.15 |     560,994.00      41,521.26      43,704.00     702,910.85 |          0   23504.89          0
Agios Sozomenos                  2,310,908.19     190,944.83      86,983.00   2,588,836.02 |   2,310,908.19     108,187.86      86,983.00   2,832,515.71 |        0.0 82756.96999999999          0
Dianary 1                          974,457.00      97,186.90      65,774.00   1,137,417.90 |     974,457.00      59,937.91      65,774.00   1,179,057.16 |          0 37248.98999999999          0
Dianary 2                          974,457.00      95,786.90      65,774.00   1,136,017.90 |     974,457.00      58,537.91      65,774.00   1,179,057.16 |          0 37248.98999999999          0
Dianary 3                        3,303,521.00     267,303.18     101,122.00   3,671,946.18 |   3,303,521.00     152,763.11     101,122.00   3,774,777.01 |          0  114540.07          0
ELESTORE 1                       3,781,992.00     303,780.69     108,192.00   4,193,964.69 |   3,781,992.00     173,279.76     108,192.00   4,306,469.12 |          0  130500.93          0
ELESTORE 2                       3,781,992.00     303,780.69     108,192.00   4,193,964.69 |   3,781,992.00     173,279.76     108,192.00   4,306,469.12 |          0  130500.93          0
ELESTORE 3                       3,781,992.00     303,780.69     108,192.00   4,193,964.69 |   3,781,992.00     173,279.76     108,192.00   4,306,469.12 |          0  130500.93          0
ELESTORE 4                       3,781,992.00     303,780.69     108,192.00   4,193,964.69 |   3,781,992.00     173,279.76     108,192.00   4,306,469.12 |          0  130500.93          0
ELESTORE 5                       3,781,992.00     303,780.69     108,192.00   4,193,964.69 |   3,781,992.00     173,279.76     108,192.00   4,306,469.12 |          0  130500.93          0
Easy Power 1                     1,104,571.00     103,723.78      65,774.00   1,274,068.78 |   1,104,571.00      62,037.91      65,774.00   1,317,550.43 |          0 41685.869999999995          0
Easy Power 2                     1,071,159.65      99,784.46      65,774.00   1,236,718.11 |   1,071,159.65      59,237.91      65,774.00   1,282,186.52 |        0.0   40546.55          0
Easy Power 3                     1,104,571.00     119,872.38      72,844.00   1,297,287.38 |   1,104,571.00      78,896.51      72,844.00   1,359,454.58 |          0 40975.87000000001          0
Easy Power 4                       852,929.32      87,642.80      50,774.00     991,346.12 |     852,929.32      54,537.91      50,774.00   1,032,991.86 |        0.0   33104.89          0
Greendorado 1                      852,929.32      88,342.80      50,774.00     992,046.12 |     852,929.32      55,237.91      50,774.00   1,032,991.86 |        0.0   33104.89          0
Polemi                             829,621.85     106,569.66      72,844.00   1,009,035.51 |     829,621.85      75,614.56      72,844.00   1,046,719.29 |        0.0 30955.100000000006          0
Potamia p151                       829,621.85     106,569.66      72,844.00   1,009,035.51 |     829,621.85      75,614.56      72,844.00   1,046,719.29 |        0.0 30955.100000000006          0
Potamia p208                     1,815,300.83     171,533.22      94,052.00   2,080,886.05 |   1,815,300.83     106,386.46      94,052.00   2,175,170.31 |        0.0 65146.759999999995          0
Renergetic                       1,104,571.00     103,723.78      65,774.00   1,274,068.78 |   1,104,571.00      62,037.91      65,774.00   1,317,550.43 |          0 41685.869999999995          0
Renergetic 2                       943,551.21      94,733.00      65,774.00   1,104,058.21 |     943,551.21      58,537.91      65,774.00   1,317,550.43 |        0.0   36195.09          0
Solarity                         1,104,571.00     103,723.78      65,774.00   1,274,068.78 |   1,104,571.00      62,037.91      65,774.00   1,317,550.43 |          0 41685.869999999995          0
Solartech 3 Extension              974,457.00      95,786.90      65,774.00   1,136,017.90 |     974,457.00      58,537.91      65,774.00   1,179,057.16 |          0 37248.98999999999          0
Waneron                          1,133,091.32     115,876.32      65,774.00   1,314,741.64 |   1,133,091.32      75,217.91      65,774.00   1,346,899.93 |        0.0   40658.41          0
Esperia Famagusta                1,951,710.58     163,834.54      82,968.00   2,198,513.12 |   1,951,710.58      93,971.21      82,968.00   2,263,468.65 |        0.0   69863.33          0
Esperia Famagusta 2              1,848,712.43     158,222.30      82,968.00   2,089,902.73 |   1,848,712.43      91,871.21      82,968.00   2,263,468.65 |        0.0 66351.08999999998          0
Esperia Frenaros                 8,782,302.00     669,758.00     202,587.00   9,654,647.00 |   8,782,302.00     372,361.51     202,587.00   9,906,127.85 |          0  297396.49          0
Galascope 1                      1,592,018.00     146,494.33      75,899.00   1,814,411.33 |   1,592,018.00      88,896.51      75,899.00   1,879,735.84 |          0 57597.81999999999          0
Galascope 2                        871,307.60      88,269.50      53,829.00   1,013,406.10 |     871,307.60      54,537.91      53,829.00   1,056,994.66 |        0.0   33731.59          0
Esperia Limassol                 4,937,363.00     395,825.44     142,778.00   5,475,966.44 |   4,937,363.00     227,346.36     142,778.00   5,616,186.33 |          0 168479.08000000002          0
Esperia Tseri                    2,001,736.00     166,240.41      82,968.00   2,250,944.41 |   2,001,736.00      94,671.21      82,968.00   2,314,570.02 |          0    71569.2          0
Esperia Tseri 2a                   871,307.00      87,269.48      53,829.00   1,012,405.48 |     871,307.00      53,537.91      53,829.00   1,055,094.03 |          0 33731.56999999999          0
Esperia Tseri 2b                 2,476,649.00     209,283.54      90,038.00   2,775,970.54 |   2,476,649.00     122,229.81      90,038.00   2,859,896.41 |          0 87053.73000000001          0
Esperia Tseri 2c                 1,907,319.00     161,620.79      82,968.00   2,151,907.79 |   1,907,319.00      93,271.21      82,968.00   2,314,570.02 |          0   68349.58          0
Esperia Tseri 3                  1,562,533.00     142,261.94      75,899.00   1,780,693.94 |   1,562,533.00      86,314.56      75,899.00   1,824,719.46 |          0 55947.380000000005          0
Classone Solar Breeze              585,976.00      66,592.04     101,304.00     753,872.04 |     585,976.00      42,235.26     101,304.00     786,343.67 |          0 24356.77999999999          0
Classone Solar Garden            1,007,809.00      98,030.20      63,374.00   1,169,213.20 |   1,007,809.00      59,643.91      63,374.00   1,210,565.86 |          0 38386.28999999999          0
Paphos 1                           871,307.00      87,269.48     108,374.00   1,066,950.48 |     871,307.00      53,537.91     108,374.00   1,109,039.03 |          0 33731.56999999999          0
Paphos 2                           871,307.00      87,269.48     108,374.00   1,066,950.48 |     871,307.00      53,537.91     108,374.00   1,109,039.03 |          0 33731.56999999999          0
Paphos 3                           541,046.00      65,045.92     101,304.00     707,395.92 |     541,046.00      42,221.26     101,304.00     740,514.80 |          0 22824.659999999996          0
My Sun Park                      2,523,652.00     211,166.34      84,583.00   2,819,401.34 |   2,523,652.00     122,509.81      84,583.00   2,899,287.02 |          0   88656.53          0
L&T Res Systems                    509,419.00      61,267.45      47,971.00     618,657.45 |     509,419.00      39,521.26      47,971.00     652,668.78 |          0 21746.189999999995          0
L&T Solar Power                    585,976.00      66,578.04      47,971.00     700,525.04 |     585,976.00      42,221.26      47,971.00     734,796.67 |          0 24356.77999999999          0
L&T Sun Energy                   1,592,098.00     143,970.10      77,111.00   1,813,179.10 |   1,592,098.00      87,014.56      77,111.00   1,854,905.15 |          0 56955.54000000001          0
AGM Lightpower                   2,523,652.00     209,586.34      91,250.00   2,824,488.34 |   2,523,652.00     120,929.81      91,250.00   2,908,574.02 |          0   88656.53          0
AGM Sunfield 1                   1,592,098.00     143,970.10      77,111.00   1,813,179.10 |   1,592,098.00      87,014.56      77,111.00   1,857,305.15 |          0 56955.54000000001          0
AGM Sunfield 2                     585,976.00      66,578.04      47,971.00     700,525.04 |     585,976.00      42,221.26      47,971.00     734,196.67 |          0 24356.77999999999          0
AGM Sunfield 3                     509,419.00      61,267.45      47,971.00     618,657.45 |     509,419.00      39,521.26      47,971.00     652,068.78 |          0 21746.189999999995          0
L&T Energia                        585,976.00      66,578.04      47,971.00     700,525.04 |     585,976.00      42,221.26      47,971.00     734,196.67 |          0 24356.77999999999          0
L&T PV Tech                        509,419.00      61,267.45      47,971.00     618,657.45 |     509,419.00      39,521.26      47,971.00     652,068.78 |          0 21746.189999999995          0


=== CATEGORY-LEVEL ADDER COMPARISON (Portfolio Totals) ===

V4 Cost Stack:
  Item: Portfolio Total (€)
  Linyang CIF Hardware: 85,963,925.47
  Import Duty (2.66% CIF): 2,286,640.47
  Port Landing + IMO (ECTL): 161,895.00
  Customs Clearance (Interfreight): 4,335.00
  Crane + Transport (A. Soulis): 604,160.00
  LV Cabling (scaled by config): 363,300.00
  MV Cabling (per MV feeder): 245,000.00
  MV Terminations (per MV feeder): 154,000.00
  Protection Engineering (tiered): 275,000.00
  Remote Trip / SCADA Comms: 153,000.00
  UPS & Auxiliary: 102,000.00
  LPS Lightning Protection: 120,197.17
  SPD Surge Protection: 126,596.35
  Site Earthing Grid: 199,191.09
  Installation Labor (StrikeRA): 81,600.00
  Civil Works (Kamil €2K/MWh): 1,763,560.00
  Marine/Transit Insurance (0.75% CIF): 644,729.40
  Docs & Statutory Compliance (€7K/park): 357,000.00
  Voltus EMS (System+HW+Config): 2,298,609.00
  SCADA Local: 1,275,000.00
  SCADA Global (shared): 420,008.00
  TOTAL PHYSICAL ADDERS: 7,642,204.48
    of which Logistics: 3,057,030.47
    of which Electrical: 1,292,300.00
    of which DEHN: 527,584.61
    of which Civil: 1,763,560.00
    of which Insurance+Docs: 1,001,729.40
  TOTAL EMS/SCADA: 3,993,617.00
  TOTAL CIF: 85,963,925.47
  FULL EPC (INSTALLED): 97,599,746.95
  CLIENT REVENUE: 109,241,186.79
  NET MARGIN: 11,641,439.85

V2 Totals:

=== MAPPED COMPARISON ===
V4 Category                               V4 Total | V2 Column                                                V2 Total |           Diff
------------------------------------------------------------------------------------------------------------------------------------------------------
Import Duty (2.66%)                           0.00 | ImportDuty                                                   0.00 |           0.00
Port Landing (ECTL)                           0.00 | PortCustoms                                                  0.00 |           0.00
Crane + Inland Transport                      0.00 | A Soulis / Crane + Inland Interfreight                       0.00 |           0.00
LV Cabling                                    0.00 | LV_Cabling                                                   0.00 |           0.00
MV Cabling                                    0.00 | MV_Cabling                                                   0.00 |           0.00
MV Terminations                               0.00 | MV_Terminations                                              0.00 |           0.00
Protection Engineering                        0.00 | Protection_Eng                                               0.00 |           0.00
Remote Trip / SCADA Comms               153,000.00 | RemoteTrip                                                   0.00 |     153,000.00
UPS & Auxiliary                         102,000.00 | UPS_Aux                                                      0.00 |     102,000.00
LPS (Lightning)                               0.00 | LPS External lightning Protection                            0.00 |           0.00
SPD (Surge Protection)                        0.00 | SPDs Surge Protection (DEHN)                                 0.00 |           0.00
Site Earthing                                 0.00 | Earthing Grid (DEHN)                                         0.00 |           0.00
Installation Labor                            0.00 | Protection Testing & DSO + StrikeRA Install                  0.00 |           0.00
Civil Works                                   0.00 | Civil Works (Kamil €2000/MWh)                                0.00 |           0.00
Insurance (0.75%)                             0.00 | Insurance                                                    0.00 |           0.00
Docs / Compliance                             0.00 | Docs_Compliance                                              0.00 |           0.00
Voltus EMS                                    0.00 | VOLTUS EMS (Feb 16 Update)                                   0.00 |           0.00
